- get rid of "from __future__ import ..."
- generate remaining inequalities and compare with below (maybe probabilistic only)
- distribute the disk_cache?
- determinant might be faster when using QQ?






C(2,2,3,12)
===========

Facets
------

  #  H_A      H_B      H_C            H_D                                                  z  Remarks
---  -------  -------  -------------  -------------------------------------------------  ---  ---------
  1  (-6, 6)  (-3, 3)  (-14, 4, 10)   (23, 17, 11, 5, 5, -1, -1, -7, -7, -13, -13, -19)    0  o, *
  2  (-6, 6)  (-3, 3)  (-14, 10, 4)   (23, 17, 11, 5, -1, 5, -1, -7, -7, -13, -13, -19)    0  o, *
  3  (-6, 6)  (-3, 3)  (-14, 10, 4)   (23, 17, 11, 5, 5, -1, -7, -1, -7, -13, -13, -19)    0  o, *
  4  (-6, 6)  (-3, 3)  (-14, 10, 4)   (23, 17, 11, 5, 5, -1, -1, -7, -13, -7, -13, -19)    0  o, *
  5  (-6, 6)  (-3, 3)  (-14, 10, 4)   (23, 17, 11, 5, 5, -1, -1, -7, -7, -13, -19, -13)    0  o, *
  6  (-6, 6)  (-3, 3)  (-10, -4, 14)  (19, 13, 13, 7, 7, 1, 1, -5, -5, -11, -17, -23)      0  o, *
  7  (-6, 6)  (-3, 3)  (-10, 2, 8)    (19, 13, 7, 7, 1, 1, 1, -5, -5, -11, -11, -17)       0  o, *
  8  (-6, 6)  (-3, 3)  (-10, 8, 2)    (19, 13, 7, 1, 7, 1, 1, -5, -5, -11, -11, -17)       0  o, *
  9  (-6, 6)  (-3, 3)  (-10, 8, 2)    (19, 13, 7, 7, 1, 1, -5, 1, -5, -11, -11, -17)       0  o, *
 10  (-6, 6)  (-3, 3)  (-10, 8, 2)    (19, 13, 7, 7, 1, 1, 1, -5, -11, -5, -11, -17)       0  o, *
 11  (-6, 6)  (-3, 3)  (-10, 8, 2)    (19, 13, 7, 7, 1, 1, 1, -5, -5, -11, -17, -11)       0  o, *
 12  (-6, 6)  (-3, 3)  (-8, -2, 10)   (17, 11, 11, 5, 5, -1, -1, -1, -7, -7, -13, -19)     0  o, *
 13  (-6, 6)  (-3, 3)  (-4, -10, 14)  (13, 19, 13, 7, 7, 1, 1, -5, -5, -11, -17, -23)      0  o, *
 14  (-6, 6)  (-3, 3)  (-4, -10, 14)  (19, 13, 7, 13, 7, 1, 1, -5, -5, -11, -17, -23)      0  o
 15  (-6, 6)  (-3, 3)  (-4, -10, 14)  (19, 13, 13, 7, 1, 7, 1, -5, -5, -11, -17, -23)      0  o
 16  (-6, 6)  (-3, 3)  (-4, -10, 14)  (19, 13, 13, 7, 7, 1, -5, 1, -5, -11, -17, -23)      0  o
 17  (-6, 6)  (-3, 3)  (-4, 2, 2)     (13, 7, 7, 7, 1, 1, 1, -5, -5, -5, -11, -11)         0  o, *
 18  (-6, 6)  (-3, 3)  (-2, -8, 10)   (11, 17, 11, 5, 5, -1, -1, -1, -7, -7, -13, -19)     0  o, *
 19  (-6, 6)  (-3, 3)  (-2, -8, 10)   (17, 11, 5, 11, 5, -1, -1, -1, -7, -7, -13, -19)     0  o
 20  (-6, 6)  (-3, 3)  (-2, -8, 10)   (17, 11, 11, 5, -1, 5, -1, -1, -7, -7, -13, -19)     0  o
 21  (-6, 6)  (-3, 3)  (-2, -8, 10)   (17, 11, 11, 5, 5, -1, -1, -7, -1, -7, -13, -19)     0  o
 22  (-6, 6)  (-3, 3)  (-2, -2, 4)    (11, 11, 5, 5, 5, -1, -1, -1, -7, -7, -7, -13)       0  o, *
 23  (-6, 6)  (-3, 3)  (-2, 4, -2)    (11, 5, 11, 5, 5, -1, -1, -1, -7, -7, -7, -13)       0  o, *
 24  (-6, 6)  (-3, 3)  (-2, 4, -2)    (11, 11, 5, 5, -1, 5, -1, -1, -7, -7, -7, -13)       0  o, *
 25  (-6, 6)  (-3, 3)  (-2, 4, -2)    (11, 11, 5, 5, 5, -1, -1, -7, -1, -7, -7, -13)       0  o, *
 26  (-6, 6)  (-3, 3)  (-2, 4, -2)    (11, 11, 5, 5, 5, -1, -1, -1, -7, -7, -13, -7)       0  o, *
 27  (-6, 6)  (-3, 3)  (2, -4, 2)     (7, 13, 7, 7, 1, 1, 1, -5, -5, -5, -11, -11)         0  o, *
 28  (-6, 6)  (-3, 3)  (2, -4, 2)     (13, 7, 7, 1, 7, 1, 1, -5, -5, -5, -11, -11)         0  o
 29  (-6, 6)  (-3, 3)  (2, -4, 2)     (13, 7, 7, 7, 1, 1, -5, 1, -5, -5, -11, -11)         0  o
 30  (-6, 6)  (-3, 3)  (2, -4, 2)     (13, 7, 7, 7, 1, 1, 1, -5, -5, -11, -5, -11)         0  o
 31  (-6, 6)  (-3, 3)  (2, 2, -4)     (7, 7, 13, 7, 1, 1, 1, -5, -5, -5, -11, -11)         0  o, *
 32  (-6, 6)  (-3, 3)  (2, 2, -4)     (7, 13, 7, 1, 7, 1, 1, -5, -5, -5, -11, -11)         0  o, *
 33  (-6, 6)  (-3, 3)  (2, 2, -4)     (7, 13, 7, 7, 1, 1, -5, 1, -5, -5, -11, -11)         0  o, *
 34  (-6, 6)  (-3, 3)  (2, 2, -4)     (7, 13, 7, 7, 1, 1, 1, -5, -5, -11, -5, -11)         0  o, *
 35  (-6, 6)  (-3, 3)  (2, 2, -4)     (13, 7, 7, 1, 1, 7, 1, -5, -5, -5, -11, -11)         0  o
 36  (-6, 6)  (-3, 3)  (2, 2, -4)     (13, 7, 7, 1, 7, 1, -5, 1, -5, -5, -11, -11)         0  o
 37  (-6, 6)  (-3, 3)  (2, 2, -4)     (13, 7, 7, 1, 7, 1, 1, -5, -5, -11, -5, -11)         0  o
 38  (-6, 6)  (-3, 3)  (2, 2, -4)     (13, 7, 7, 7, 1, 1, -5, -5, 1, -5, -11, -11)         0  o
 39  (-6, 6)  (-3, 3)  (2, 2, -4)     (13, 7, 7, 7, 1, 1, -5, 1, -5, -11, -5, -11)         0  o
 40  (-6, 6)  (-3, 3)  (2, 2, -4)     (13, 7, 7, 7, 1, 1, 1, -5, -5, -11, -11, -5)         0  o
 41  (-6, 6)  (-3, 3)  (4, -2, -2)    (5, 11, 11, 5, 5, -1, -1, -1, -7, -7, -7, -13)       0  o, *
 42  (-6, 6)  (-3, 3)  (4, -2, -2)    (11, 5, 11, 5, -1, 5, -1, -1, -7, -7, -7, -13)       0  o
 43  (-6, 6)  (-3, 3)  (4, -2, -2)    (11, 5, 11, 5, 5, -1, -1, -7, -1, -7, -7, -13)       0  o
 44  (-6, 6)  (-3, 3)  (4, -2, -2)    (11, 5, 11, 5, 5, -1, -1, -1, -7, -7, -13, -7)       0  o
 45  (-6, 6)  (-3, 3)  (4, -2, -2)    (11, 11, 5, -1, 5, 5, -1, -1, -7, -7, -7, -13)       0  o
 46  (-6, 6)  (-3, 3)  (4, -2, -2)    (11, 11, 5, 5, -1, 5, -1, -7, -1, -7, -7, -13)       0  o
 47  (-6, 6)  (-3, 3)  (4, -2, -2)    (11, 11, 5, 5, -1, 5, -1, -1, -7, -7, -13, -7)       0  o
 48  (-6, 6)  (-3, 3)  (4, -2, -2)    (11, 11, 5, 5, 5, -1, -7, -1, -1, -7, -7, -13)       0  o
 49  (-6, 6)  (-3, 3)  (4, -2, -2)    (11, 11, 5, 5, 5, -1, -1, -7, -1, -7, -13, -7)       0  o
 50  (-6, 6)  (-3, 3)  (4, -2, -2)    (11, 11, 5, 5, 5, -1, -1, -1, -7, -13, -7, -7)       0  o
 51  (-6, 6)  (3, -3)  (-14, 4, 10)   (17, 23, 11, 5, 5, -1, -1, -7, -7, -13, -13, -19)    0  o, *
 52  (-6, 6)  (3, -3)  (-14, 4, 10)   (23, 17, 5, 11, 5, -1, -1, -7, -7, -13, -13, -19)    0  o
 53  (-6, 6)  (3, -3)  (-14, 4, 10)   (23, 17, 11, 5, -1, 5, -1, -7, -7, -13, -13, -19)    0  o
 54  (-6, 6)  (3, -3)  (-14, 4, 10)   (23, 17, 11, 5, 5, -1, -7, -1, -7, -13, -13, -19)    0  o
 55  (-6, 6)  (3, -3)  (-14, 4, 10)   (23, 17, 11, 5, 5, -1, -1, -7, -13, -7, -13, -19)    0  o
 56  (-6, 6)  (3, -3)  (-14, 4, 10)   (23, 17, 11, 5, 5, -1, -1, -7, -7, -13, -19, -13)    0  o
 57  (-6, 6)  (3, -3)  (-14, 10, 4)   (17, 23, 11, 5, -1, 5, -1, -7, -7, -13, -13, -19)    0  o, *
 58  (-6, 6)  (3, -3)  (-14, 10, 4)   (17, 23, 11, 5, 5, -1, -7, -1, -7, -13, -13, -19)    0  o, *
 59  (-6, 6)  (3, -3)  (-14, 10, 4)   (17, 23, 11, 5, 5, -1, -1, -7, -13, -7, -13, -19)    0  o, *
 60  (-6, 6)  (3, -3)  (-14, 10, 4)   (17, 23, 11, 5, 5, -1, -1, -7, -7, -13, -19, -13)    0  o, *
 61  (-6, 6)  (3, -3)  (-14, 10, 4)   (23, 17, 5, 11, -1, 5, -1, -7, -7, -13, -13, -19)    0  o
 62  (-6, 6)  (3, -3)  (-14, 10, 4)   (23, 17, 5, 11, 5, -1, -7, -1, -7, -13, -13, -19)    0  o
 63  (-6, 6)  (3, -3)  (-14, 10, 4)   (23, 17, 5, 11, 5, -1, -1, -7, -13, -7, -13, -19)    0  o
 64  (-6, 6)  (3, -3)  (-14, 10, 4)   (23, 17, 5, 11, 5, -1, -1, -7, -7, -13, -19, -13)    0  o
 65  (-6, 6)  (3, -3)  (-10, -4, 14)  (13, 19, 13, 7, 7, 1, 1, -5, -5, -11, -17, -23)      0  o, *
 66  (-6, 6)  (3, -3)  (-10, -4, 14)  (19, 13, 7, 13, 7, 1, 1, -5, -5, -11, -17, -23)      0  o
 67  (-6, 6)  (3, -3)  (-10, -4, 14)  (19, 13, 13, 7, 1, 7, 1, -5, -5, -11, -17, -23)      0  o
 68  (-6, 6)  (3, -3)  (-10, -4, 14)  (19, 13, 13, 7, 7, 1, -5, 1, -5, -11, -17, -23)      0  o
 69  (-6, 6)  (3, -3)  (-10, -4, 14)  (19, 13, 13, 7, 7, 1, 1, -5, -11, -5, -17, -23)      0  o
 70  (-6, 6)  (3, -3)  (-10, -4, 14)  (19, 13, 13, 7, 7, 1, 1, -5, -5, -11, -23, -17)      0  o
 71  (-6, 6)  (3, -3)  (-10, 2, 8)    (13, 19, 7, 7, 1, 1, 1, -5, -5, -11, -11, -17)       0  o, *
 72  (-6, 6)  (3, -3)  (-10, 2, 8)    (19, 13, 7, 7, 1, 1, -5, 1, -5, -11, -11, -17)       0  o
 73  (-6, 6)  (3, -3)  (-10, 2, 8)    (19, 13, 7, 7, 1, 1, 1, -5, -11, -5, -11, -17)       0  o
 74  (-6, 6)  (3, -3)  (-10, 2, 8)    (19, 13, 7, 7, 1, 1, 1, -5, -5, -11, -17, -11)       0  o
 75  (-6, 6)  (3, -3)  (-10, 8, 2)    (13, 19, 7, 1, 7, 1, 1, -5, -5, -11, -11, -17)       0  o, *
 76  (-6, 6)  (3, -3)  (-10, 8, 2)    (13, 19, 7, 7, 1, 1, -5, 1, -5, -11, -11, -17)       0  o, *
 77  (-6, 6)  (3, -3)  (-10, 8, 2)    (13, 19, 7, 7, 1, 1, 1, -5, -11, -5, -11, -17)       0  o, *
 78  (-6, 6)  (3, -3)  (-10, 8, 2)    (13, 19, 7, 7, 1, 1, 1, -5, -5, -11, -17, -11)       0  o, *
 79  (-6, 6)  (3, -3)  (-10, 8, 2)    (19, 13, 1, 7, 7, 1, 1, -5, -5, -11, -11, -17)       0  o
 80  (-6, 6)  (3, -3)  (-8, -2, 10)   (11, 17, 11, 5, 5, -1, -1, -1, -7, -7, -13, -19)     0  o, *
 81  (-6, 6)  (3, -3)  (-8, -2, 10)   (17, 11, 5, 11, 5, -1, -1, -1, -7, -7, -13, -19)     0  o
 82  (-6, 6)  (3, -3)  (-8, -2, 10)   (17, 11, 11, 5, -1, 5, -1, -1, -7, -7, -13, -19)     0  o
 83  (-6, 6)  (3, -3)  (-8, -2, 10)   (17, 11, 11, 5, 5, -1, -1, -1, -7, -7, -19, -13)     0  o
 84  (-6, 6)  (3, -3)  (-4, -10, 14)  (13, 19, 13, 7, 7, 1, 1, -5, -11, -5, -17, -23)      0  o
 85  (-6, 6)  (3, -3)  (-4, -10, 14)  (13, 19, 13, 7, 7, 1, 1, -5, -5, -11, -23, -17)      0  o
 86  (-6, 6)  (3, -3)  (-4, -10, 14)  (19, 13, 7, 13, 7, 1, 1, -5, -11, -5, -17, -23)      0  o
 87  (-6, 6)  (3, -3)  (-4, -10, 14)  (19, 13, 7, 13, 7, 1, 1, -5, -5, -11, -23, -17)      0  o
 88  (-6, 6)  (3, -3)  (-4, -10, 14)  (19, 13, 13, 7, 1, 7, 1, -5, -11, -5, -17, -23)      0  o
 89  (-6, 6)  (3, -3)  (-4, -10, 14)  (19, 13, 13, 7, 1, 7, 1, -5, -5, -11, -23, -17)      0  o
 90  (-6, 6)  (3, -3)  (-4, -10, 14)  (19, 13, 13, 7, 7, 1, -5, 1, -11, -5, -17, -23)      0  o
 91  (-6, 6)  (3, -3)  (-4, -10, 14)  (19, 13, 13, 7, 7, 1, -5, 1, -5, -11, -23, -17)      0  o
 92  (-6, 6)  (3, -3)  (-4, 2, 2)     (7, 13, 7, 7, 1, 1, 1, -5, -5, -5, -11, -11)         0  o, *
 93  (-6, 6)  (3, -3)  (-4, 2, 2)     (13, 7, 7, 7, 1, 1, -5, 1, -5, -5, -11, -11)         0  o
 94  (-6, 6)  (3, -3)  (-2, -8, 10)   (11, 17, 11, 5, 5, -1, -1, -1, -7, -7, -19, -13)     0  o
 95  (-6, 6)  (3, -3)  (-2, -8, 10)   (17, 11, 5, 11, 5, -1, -1, -1, -7, -7, -19, -13)     0  o
 96  (-6, 6)  (3, -3)  (-2, -8, 10)   (17, 11, 11, 5, -1, 5, -1, -1, -7, -7, -19, -13)     0  o
 97  (-6, 6)  (3, -3)  (-2, -8, 10)   (17, 11, 11, 5, 5, -1, -1, -7, -7, -1, -13, -19)     0  o
 98  (-6, 6)  (3, -3)  (-2, -8, 10)   (17, 11, 11, 5, 5, -1, -1, -7, -1, -7, -19, -13)     0  o
 99  (-6, 6)  (3, -3)  (-2, -2, 4)    (11, 11, 5, 5, -1, 5, -1, -1, -7, -7, -7, -13)       0  o
100  (-6, 6)  (3, -3)  (-2, -2, 4)    (11, 11, 5, 5, 5, -1, -1, -1, -7, -7, -13, -7)       0  o
101  (-6, 6)  (3, -3)  (-2, 4, -2)    (5, 11, 11, 5, 5, -1, -1, -1, -7, -7, -7, -13)       0  o, *
102  (-6, 6)  (3, -3)  (-2, 4, -2)    (11, 11, 5, 5, 5, -1, -7, -1, -1, -7, -7, -13)       0  o
103  (-6, 6)  (3, -3)  (2, -4, 2)     (13, 7, 7, 1, 1, 7, 1, -5, -5, -5, -11, -11)         0  o
104  (-6, 6)  (3, -3)  (2, -4, 2)     (13, 7, 7, 7, 1, 1, 1, -5, -5, -11, -11, -5)         0  o
105  (-6, 6)  (3, -3)  (8, 2, -10)    (1, 19, 13, 7, 7, 1, 1, -5, -5, -11, -11, -17)       0  o
106  (-6, 6)  (3, -3)  (10, -2, -8)   (17, 11, 11, 5, 5, -1, -1, -7, -7, -13, -19, -1)     0  o
107  (-3, 3)  (-3, 3)  (-10, 2, 8)    (16, 10, 10, 4, 4, -2, -2, -2, -8, -8, -8, -14)      0  o, *
108  (-3, 3)  (-3, 3)  (-10, 8, 2)    (16, 10, 10, 4, -2, 4, -2, -2, -8, -8, -8, -14)      0  o, *
109  (-3, 3)  (-3, 3)  (-10, 8, 2)    (16, 10, 10, 4, 4, -2, -2, -2, -8, -8, -14, -8)      0  o, *
110  (-3, 3)  (-3, 3)  (-8, -2, 10)   (14, 8, 8, 8, 2, 2, 2, -4, -4, -10, -10, -16)        0  o, *
111  (-3, 3)  (-3, 3)  (-8, 4, 4)     (14, 8, 8, 2, 2, 2, -4, -4, -4, -4, -10, -10)        0  o, *
112  (-3, 3)  (-3, 3)  (-4, -4, 8)    (10, 10, 4, 4, 4, 4, -2, -2, -2, -8, -8, -14)        0  o, *
113  (-3, 3)  (-3, 3)  (-4, 2, 2)     (10, 4, 4, 4, 4, -2, -2, -2, -2, -2, -8, -8)         0  o, *
114  (-3, 3)  (-3, 3)  (-2, -8, 10)   (8, 14, 8, 8, 2, 2, 2, -4, -4, -10, -10, -16)        0  o, *
115  (-3, 3)  (-3, 3)  (-2, -8, 10)   (14, 8, 8, 8, 2, 2, -4, 2, -4, -10, -10, -16)        0  o
116  (-3, 3)  (-3, 3)  (-2, -2, 4)    (8, 8, 2, 2, 2, 2, 2, -4, -4, -4, -4, -10)           0  o, *
117  (-3, 3)  (-3, 3)  (-2, 4, -2)    (8, 2, 8, 2, 2, 2, 2, -4, -4, -4, -4, -10)           0  o, *
118  (-3, 3)  (-3, 3)  (-2, 4, -2)    (8, 8, 2, 2, 2, 2, 2, -4, -4, -4, -10, -4)           0  o, *
119  (-3, 3)  (-3, 3)  (2, -4, 2)     (4, 10, 4, 4, 4, -2, -2, -2, -2, -2, -8, -8)         0  o, *
120  (-3, 3)  (-3, 3)  (2, -4, 2)     (10, 4, 4, 4, 4, -2, -2, -2, -2, -8, -2, -8)         0  o
121  (-3, 3)  (-3, 3)  (2, 2, -4)     (4, 4, 10, 4, 4, -2, -2, -2, -2, -2, -8, -8)         0  o, *
122  (-3, 3)  (-3, 3)  (2, 2, -4)     (4, 10, 4, 4, 4, -2, -2, -2, -2, -8, -2, -8)         0  o, *
123  (-3, 3)  (-3, 3)  (2, 2, -4)     (10, 4, 4, -2, 4, 4, -2, -2, -2, -2, -8, -8)         0  o
124  (-3, 3)  (-3, 3)  (2, 2, -4)     (10, 4, 4, 4, 4, -2, -2, -2, -2, -8, -8, -2)         0  o
125  (-3, 3)  (-3, 3)  (4, -2, -2)    (2, 8, 8, 2, 2, 2, 2, -4, -4, -4, -4, -10)           0  o, *
126  (-3, 3)  (-3, 3)  (4, -2, -2)    (8, 2, 8, 2, 2, 2, 2, -4, -4, -4, -10, -4)           0  o
127  (-3, 3)  (-3, 3)  (4, -2, -2)    (8, 8, 2, 2, 2, 2, -4, -4, 2, -4, -4, -10)           0  o
128  (-3, 3)  (-3, 3)  (4, -2, -2)    (8, 8, 2, 2, 2, 2, 2, -4, -4, -10, -4, -4)           0  o
129  (-3, 3)  (-2, 2)  (-2, 0, 2)     (7, 5, 3, 3, 1, 1, -1, -1, -3, -3, -5, -7)           0  o, *
130  (-3, 3)  (-2, 2)  (-2, 2, 0)     (7, 3, 5, 3, 1, 1, -1, -1, -3, -3, -5, -7)           0  o, *
131  (-3, 3)  (-2, 2)  (-2, 2, 0)     (7, 5, 3, 3, 1, -1, 1, -1, -3, -3, -5, -7)           0  o, *
132  (-3, 3)  (-2, 2)  (-2, 2, 0)     (7, 5, 3, 3, 1, 1, -1, -3, -1, -3, -5, -7)           0  o, *
133  (-3, 3)  (-2, 2)  (-2, 2, 0)     (7, 5, 3, 3, 1, 1, -1, -1, -3, -3, -7, -5)           0  o, *
134  (-3, 3)  (-2, 2)  (0, -2, 2)     (5, 7, 3, 3, 1, 1, -1, -1, -3, -3, -5, -7)           0  o, *
135  (-3, 3)  (-2, 2)  (0, -2, 2)     (7, 5, 3, 1, 3, 1, -1, -1, -3, -3, -5, -7)           0  o
136  (-3, 3)  (-2, 2)  (0, -2, 2)     (7, 5, 3, 3, 1, -1, 1, -1, -3, -3, -5, -7)           0  o
137  (-3, 3)  (-2, 2)  (0, -2, 2)     (7, 5, 3, 3, 1, 1, -1, -1, -3, -5, -3, -7)           0  o
138  (-3, 3)  (-2, 2)  (0, 2, -2)     (5, 3, 7, 3, 1, 1, -1, -1, -3, -3, -5, -7)           0  o, *
139  (-3, 3)  (-2, 2)  (0, 2, -2)     (7, 5, 3, 3, 1, 1, -1, -1, -3, -5, -7, -3)           0  o
140  (-3, 3)  (-2, 2)  (2, -2, 0)     (3, 7, 5, 3, 1, 1, -1, -1, -3, -3, -5, -7)           0  o, *
141  (-3, 3)  (-2, 2)  (2, -2, 0)     (7, 5, 3, 3, 1, 1, -1, -1, -3, -7, -3, -5)           0  o
142  (-3, 3)  (-2, 2)  (2, 0, -2)     (3, 5, 7, 3, 1, 1, -1, -1, -3, -3, -5, -7)           0  o, *
143  (-3, 3)  (-2, 2)  (2, 0, -2)     (3, 7, 5, 1, 3, 1, -1, -1, -3, -3, -5, -7)           0  o, *
144  (-3, 3)  (-2, 2)  (2, 0, -2)     (3, 7, 5, 3, 1, -1, 1, -1, -3, -3, -5, -7)           0  o, *
145  (-3, 3)  (-2, 2)  (2, 0, -2)     (3, 7, 5, 3, 1, 1, -1, -1, -3, -5, -3, -7)           0  o, *
146  (-3, 3)  (-2, 2)  (2, 0, -2)     (5, 3, 7, 3, 1, -1, 1, -1, -3, -3, -5, -7)           0  o
147  (-3, 3)  (-2, 2)  (2, 0, -2)     (5, 3, 7, 3, 1, 1, -1, -3, -1, -3, -5, -7)           0  o
148  (-3, 3)  (-2, 2)  (2, 0, -2)     (5, 3, 7, 3, 1, 1, -1, -1, -3, -3, -7, -5)           0  o
149  (-3, 3)  (-2, 2)  (2, 0, -2)     (5, 7, 3, 3, 1, 1, -1, -1, -3, -7, -3, -5)           0  o
150  (-3, 3)  (-2, 2)  (2, 0, -2)     (7, 3, 5, 3, 1, 1, -1, -1, -3, -5, -7, -3)           0  o
151  (-3, 3)  (-2, 2)  (2, 0, -2)     (7, 5, 3, -1, 3, 1, 1, -1, -3, -3, -5, -7)           0  o
152  (-3, 3)  (-2, 2)  (2, 0, -2)     (7, 5, 3, 1, -1, 3, 1, -1, -3, -3, -5, -7)           0  o
153  (-3, 3)  (-2, 2)  (2, 0, -2)     (7, 5, 3, 1, 3, 1, -1, -1, -3, -7, -3, -5)           0  o
154  (-3, 3)  (-2, 2)  (2, 0, -2)     (7, 5, 3, 3, 1, -1, -3, 1, -1, -3, -5, -7)           0  o
155  (-3, 3)  (-2, 2)  (2, 0, -2)     (7, 5, 3, 3, 1, -1, -1, -3, 1, -3, -5, -7)           0  o
156  (-3, 3)  (-2, 2)  (2, 0, -2)     (7, 5, 3, 3, 1, -1, 1, -1, -3, -7, -3, -5)           0  o
157  (-3, 3)  (-2, 2)  (2, 0, -2)     (7, 5, 3, 3, 1, -1, 1, -1, -3, -5, -7, -3)           0  o
158  (-3, 3)  (-2, 2)  (2, 0, -2)     (7, 5, 3, 3, 1, 1, -1, -3, -1, -5, -7, -3)           0  o
159  (-3, 3)  (-2, 2)  (2, 0, -2)     (7, 5, 3, 3, 1, 1, -1, -1, -3, -7, -5, -3)           0  o
160  (-3, 3)  (-1, 1)  (-4, 0, 4)     (8, 6, 4, 2, 2, 0, 0, -2, -2, -4, -6, -8)            0  o, *
161  (-3, 3)  (-1, 1)  (-2, 0, 2)     (6, 4, 4, 2, 2, 0, 0, -2, -2, -4, -4, -6)            0  o, *
162  (-3, 3)  (-1, 1)  (-2, 2, 0)     (6, 4, 2, 4, 2, 0, 0, -2, -2, -4, -4, -6)            0  o, *
163  (-3, 3)  (-1, 1)  (-2, 2, 0)     (6, 4, 4, 2, 0, 2, 0, -2, -2, -4, -4, -6)            0  o, *
164  (-3, 3)  (-1, 1)  (-2, 2, 0)     (6, 4, 4, 2, 2, 0, 0, -2, -4, -2, -4, -6)            0  o, *
165  (-3, 3)  (-1, 1)  (-2, 2, 0)     (6, 4, 4, 2, 2, 0, 0, -2, -2, -4, -6, -4)            0  o, *
166  (-3, 3)  (-1, 1)  (0, -2, 2)     (4, 6, 4, 2, 2, 0, 0, -2, -2, -4, -4, -6)            0  o, *
167  (-3, 3)  (-1, 1)  (0, -2, 2)     (6, 4, 2, 4, 2, 0, 0, -2, -2, -4, -4, -6)            0  o
168  (-3, 3)  (-1, 1)  (0, -2, 2)     (6, 4, 4, 2, 2, 0, -2, 0, -2, -4, -4, -6)            0  o
169  (-3, 3)  (-1, 1)  (0, -2, 2)     (6, 4, 4, 2, 2, 0, 0, -2, -4, -2, -4, -6)            0  o
170  (-3, 3)  (-1, 1)  (2, 0, -2)     (2, 6, 4, 4, 2, 0, 0, -2, -2, -4, -4, -6)            0  o, *
171  (-3, 3)  (-1, 1)  (2, 0, -2)     (4, 2, 6, 4, 2, 0, 0, -2, -2, -4, -4, -6)            0  o
172  (-3, 3)  (-1, 1)  (2, 0, -2)     (6, 4, 2, 0, 4, 2, 0, -2, -2, -4, -4, -6)            0  o
173  (-3, 3)  (-1, 1)  (2, 0, -2)     (6, 4, 2, 2, 0, 4, 0, -2, -2, -4, -4, -6)            0  o
174  (-3, 3)  (-1, 1)  (2, 0, -2)     (6, 4, 4, 2, 2, 0, -4, 0, -2, -2, -4, -6)            0  o
175  (-3, 3)  (-1, 1)  (2, 0, -2)     (6, 4, 4, 2, 2, 0, -2, -4, 0, -2, -4, -6)            0  o
176  (-3, 3)  (-1, 1)  (2, 0, -2)     (6, 4, 4, 2, 2, 0, 0, -2, -4, -6, -2, -4)            0  o
177  (-3, 3)  (-1, 1)  (2, 0, -2)     (6, 4, 4, 2, 2, 0, 0, -2, -4, -4, -6, -2)            0  o
178  (-3, 3)  (0, 0)   (-4, 2, 2)     (7, 7, 1, 1, 1, 1, 1, 1, -5, -5, -5, -5)             0  o, *
179  (-3, 3)  (0, 0)   (-2, -2, 4)    (5, 5, 5, 5, -1, -1, -1, -1, -1, -1, -7, -7)         0  o, *
180  (-3, 3)  (0, 0)   (2, 2, -4)     (1, 7, 7, 1, 1, 1, 1, 1, -5, -5, -5, -5)             0  o, *
181  (-3, 3)  (0, 0)   (2, 2, -4)     (7, 7, 1, 1, 1, 1, -5, 1, 1, -5, -5, -5)             0  o
182  (-3, 3)  (0, 0)   (4, -2, -2)    (5, 5, 5, -1, -1, 5, -1, -1, -1, -1, -7, -7)         0  o
183  (-3, 3)  (0, 0)   (4, -2, -2)    (5, 5, 5, 5, -1, -1, -1, -1, -1, -7, -7, -1)         0  o
184  (-3, 3)  (1, -1)  (-4, 0, 4)     (6, 8, 4, 2, 2, 0, 0, -2, -2, -4, -6, -8)            0  o, *
185  (-3, 3)  (1, -1)  (-4, 0, 4)     (8, 6, 2, 4, 2, 0, 0, -2, -2, -4, -6, -8)            0  o
186  (-3, 3)  (1, -1)  (-4, 0, 4)     (8, 6, 4, 2, 0, 2, 0, -2, -2, -4, -6, -8)            0  o
187  (-3, 3)  (1, -1)  (-4, 0, 4)     (8, 6, 4, 2, 2, 0, -2, 0, -2, -4, -6, -8)            0  o
188  (-3, 3)  (1, -1)  (-4, 0, 4)     (8, 6, 4, 2, 2, 0, 0, -2, -4, -2, -6, -8)            0  o
189  (-3, 3)  (1, -1)  (-4, 0, 4)     (8, 6, 4, 2, 2, 0, 0, -2, -2, -4, -8, -6)            0  o
190  (-3, 3)  (1, -1)  (-2, 0, 2)     (4, 6, 4, 2, 2, 0, 0, -2, -2, -4, -4, -6)            0  o, *
191  (-3, 3)  (1, -1)  (-2, 0, 2)     (6, 4, 2, 4, 2, 0, 0, -2, -2, -4, -4, -6)            0  o
192  (-3, 3)  (1, -1)  (-2, 0, 2)     (6, 4, 4, 2, 0, 2, 0, -2, -2, -4, -4, -6)            0  o
193  (-3, 3)  (1, -1)  (-2, 0, 2)     (6, 4, 4, 2, 2, 0, -2, 0, -2, -4, -4, -6)            0  o
194  (-3, 3)  (1, -1)  (-2, 0, 2)     (6, 4, 4, 2, 2, 0, 0, -2, -4, -2, -4, -6)            0  o
195  (-3, 3)  (1, -1)  (-2, 0, 2)     (6, 4, 4, 2, 2, 0, 0, -2, -2, -4, -6, -4)            0  o
196  (-3, 3)  (1, -1)  (-2, 2, 0)     (4, 6, 2, 4, 2, 0, 0, -2, -2, -4, -4, -6)            0  o, *
197  (-3, 3)  (1, -1)  (-2, 2, 0)     (4, 6, 4, 2, 0, 2, 0, -2, -2, -4, -4, -6)            0  o, *
198  (-3, 3)  (1, -1)  (-2, 2, 0)     (4, 6, 4, 2, 2, 0, 0, -2, -4, -2, -4, -6)            0  o, *
199  (-3, 3)  (1, -1)  (-2, 2, 0)     (4, 6, 4, 2, 2, 0, 0, -2, -2, -4, -6, -4)            0  o, *
200  (-3, 3)  (1, -1)  (-2, 2, 0)     (6, 4, 2, 4, 2, 0, -2, 0, -2, -4, -4, -6)            0  o
201  (-3, 3)  (1, -1)  (-2, 2, 0)     (6, 4, 4, 2, 0, 2, -2, 0, -2, -4, -4, -6)            0  o
202  (-3, 3)  (1, -1)  (-2, 2, 0)     (6, 4, 4, 2, 2, 0, -2, 0, -4, -2, -4, -6)            0  o
203  (-3, 3)  (1, -1)  (-2, 2, 0)     (6, 4, 4, 2, 2, 0, -2, 0, -2, -4, -6, -4)            0  o
204  (-3, 3)  (1, -1)  (0, -2, 2)     (4, 6, 4, 2, 0, 2, 0, -2, -2, -4, -4, -6)            0  o
205  (-3, 3)  (1, -1)  (0, -2, 2)     (4, 6, 4, 2, 2, 0, 0, -2, -2, -4, -6, -4)            0  o
206  (-3, 3)  (1, -1)  (0, -2, 2)     (6, 4, 2, 4, 0, 2, 0, -2, -2, -4, -4, -6)            0  o
207  (-3, 3)  (1, -1)  (0, -2, 2)     (6, 4, 2, 4, 2, 0, 0, -2, -2, -4, -6, -4)            0  o
208  (-3, 3)  (1, -1)  (0, -2, 2)     (6, 4, 4, 2, 0, 2, -2, 0, -2, -4, -4, -6)            0  o
209  (-3, 3)  (1, -1)  (0, -2, 2)     (6, 4, 4, 2, 0, 2, 0, -2, -4, -2, -4, -6)            0  o
210  (-3, 3)  (1, -1)  (0, -2, 2)     (6, 4, 4, 2, 2, 0, -2, 0, -2, -4, -6, -4)            0  o
211  (-3, 3)  (1, -1)  (0, -2, 2)     (6, 4, 4, 2, 2, 0, 0, -2, -4, -2, -6, -4)            0  o
212  (-3, 3)  (1, -1)  (0, 2, -2)     (2, 6, 4, 4, 2, 0, 0, -2, -2, -4, -4, -6)            0  o, *
213  (-3, 3)  (1, -1)  (0, 2, -2)     (6, 4, 4, 2, 2, 0, -4, 0, -2, -2, -4, -6)            0  o
214  (-3, 3)  (1, -1)  (2, -2, 0)     (6, 4, 2, 2, 0, 4, 0, -2, -2, -4, -4, -6)            0  o
215  (-3, 3)  (1, -1)  (2, -2, 0)     (6, 4, 4, 2, 2, 0, 0, -2, -4, -4, -6, -2)            0  o
216  (-3, 3)  (1, -1)  (2, 0, -2)     (2, 4, 6, 4, 2, 0, 0, -2, -2, -4, -4, -6)            0  o
217  (-3, 3)  (1, -1)  (2, 0, -2)     (2, 6, 4, 4, 2, 0, -2, 0, -2, -4, -4, -6)            0  o
218  (-3, 3)  (1, -1)  (2, 0, -2)     (4, 6, 4, 2, 2, 0, -4, 0, -2, -2, -4, -6)            0  o
219  (-3, 3)  (1, -1)  (2, 0, -2)     (6, 4, 2, 0, 2, 4, 0, -2, -2, -4, -4, -6)            0  o
220  (-3, 3)  (1, -1)  (2, 0, -2)     (6, 4, 2, 2, 0, 4, 0, -2, -2, -4, -6, -4)            0  o
221  (-3, 3)  (1, -1)  (2, 0, -2)     (6, 4, 4, 2, 0, 2, 0, -2, -4, -4, -6, -2)            0  o
222  (-3, 3)  (1, -1)  (2, 0, -2)     (6, 4, 4, 2, 2, 0, -4, -2, 0, -2, -4, -6)            0  o
223  (-3, 3)  (1, -1)  (2, 0, -2)     (6, 4, 4, 2, 2, 0, 0, -2, -4, -6, -4, -2)            0  o
224  (-3, 3)  (2, -2)  (-2, 2, 0)     (3, 7, 5, 3, 1, 1, -1, -1, -3, -3, -5, -7)           0  o, *
225  (-3, 3)  (2, -2)  (0, -2, 2)     (7, 5, 3, 3, 1, 1, -1, -1, -3, -5, -7, -3)           0  o
226  (-3, 3)  (3, -3)  (-10, 2, 8)    (10, 16, 10, 4, 4, -2, -2, -2, -8, -8, -8, -14)      0  o, *
227  (-3, 3)  (3, -3)  (-10, 2, 8)    (16, 10, 4, 10, 4, -2, -2, -2, -8, -8, -8, -14)      0  o
228  (-3, 3)  (3, -3)  (-10, 2, 8)    (16, 10, 10, 4, -2, 4, -2, -2, -8, -8, -8, -14)      0  o
229  (-3, 3)  (3, -3)  (-10, 2, 8)    (16, 10, 10, 4, 4, -2, -2, -2, -8, -8, -14, -8)      0  o
230  (-3, 3)  (3, -3)  (-10, 8, 2)    (10, 16, 10, 4, -2, 4, -2, -2, -8, -8, -8, -14)      0  o, *
231  (-3, 3)  (3, -3)  (-10, 8, 2)    (10, 16, 10, 4, 4, -2, -2, -2, -8, -8, -14, -8)      0  o, *
232  (-3, 3)  (3, -3)  (-10, 8, 2)    (16, 10, 4, 10, -2, 4, -2, -2, -8, -8, -8, -14)      0  o
233  (-3, 3)  (3, -3)  (-10, 8, 2)    (16, 10, 4, 10, 4, -2, -2, -2, -8, -8, -14, -8)      0  o
234  (-3, 3)  (3, -3)  (-8, -2, 10)   (8, 14, 8, 8, 2, 2, 2, -4, -4, -10, -10, -16)        0  o, *
235  (-3, 3)  (3, -3)  (-8, -2, 10)   (14, 8, 8, 8, 2, 2, -4, 2, -4, -10, -10, -16)        0  o
236  (-3, 3)  (3, -3)  (-8, -2, 10)   (14, 8, 8, 8, 2, 2, 2, -4, -10, -4, -10, -16)        0  o
237  (-3, 3)  (3, -3)  (-8, -2, 10)   (14, 8, 8, 8, 2, 2, 2, -4, -4, -10, -16, -10)        0  o
238  (-3, 3)  (3, -3)  (-8, 4, 4)     (8, 14, 8, 2, 2, 2, -4, -4, -4, -4, -10, -10)        0  o, *
239  (-3, 3)  (3, -3)  (-8, 4, 4)     (14, 8, 2, 8, 2, 2, -4, -4, -4, -4, -10, -10)        0  o
240  (-3, 3)  (3, -3)  (-4, -4, 8)    (10, 10, 4, 4, 4, 4, -2, -2, -8, -2, -8, -14)        0  o
241  (-3, 3)  (3, -3)  (-4, -4, 8)    (10, 10, 4, 4, 4, 4, -2, -2, -2, -8, -14, -8)        0  o
242  (-3, 3)  (3, -3)  (-4, 2, 2)     (4, 10, 4, 4, 4, -2, -2, -2, -2, -2, -8, -8)         0  o, *
243  (-3, 3)  (3, -3)  (-2, -8, 10)   (8, 14, 8, 8, 2, 2, 2, -4, -10, -4, -10, -16)        0  o
244  (-3, 3)  (3, -3)  (-2, -8, 10)   (8, 14, 8, 8, 2, 2, 2, -4, -4, -10, -16, -10)        0  o
245  (-3, 3)  (3, -3)  (-2, -8, 10)   (14, 8, 8, 8, 2, 2, -4, 2, -10, -4, -10, -16)        0  o
246  (-3, 3)  (3, -3)  (-2, -8, 10)   (14, 8, 8, 8, 2, 2, -4, 2, -4, -10, -16, -10)        0  o
247  (-3, 3)  (3, -3)  (-2, -2, 4)    (8, 8, 2, 2, 2, 2, 2, -4, -4, -4, -10, -4)           0  o
248  (-3, 3)  (3, -3)  (-2, 4, -2)    (2, 8, 8, 2, 2, 2, 2, -4, -4, -4, -4, -10)           0  o, *
249  (-3, 3)  (3, -3)  (2, -4, 2)     (10, 4, 4, 4, 4, -2, -2, -2, -2, -8, -8, -2)         0  o
250  (-2, 2)  (-1, 1)  (-2, 0, 2)     (5, 3, 3, 1, 1, 1, -1, -1, -1, -3, -3, -5)           0  o, *
251  (-2, 2)  (-1, 1)  (-2, 2, 0)     (5, 3, 1, 3, 1, 1, -1, -1, -1, -3, -3, -5)           0  o, *
252  (-2, 2)  (-1, 1)  (-2, 2, 0)     (5, 3, 3, 1, 1, -1, 1, -1, -1, -3, -3, -5)           0  o, *
253  (-2, 2)  (-1, 1)  (-2, 2, 0)     (5, 3, 3, 1, 1, 1, -1, -1, -3, -1, -3, -5)           0  o, *
254  (-2, 2)  (-1, 1)  (-2, 2, 0)     (5, 3, 3, 1, 1, 1, -1, -1, -1, -3, -5, -3)           0  o, *
255  (-2, 2)  (-1, 1)  (0, -2, 2)     (3, 5, 3, 1, 1, 1, -1, -1, -1, -3, -3, -5)           0  o, *
256  (-2, 2)  (-1, 1)  (0, -2, 2)     (5, 3, 1, 3, 1, 1, -1, -1, -1, -3, -3, -5)           0  o
257  (-2, 2)  (-1, 1)  (0, -2, 2)     (5, 3, 3, 1, 1, -1, 1, -1, -1, -3, -3, -5)           0  o
258  (-2, 2)  (-1, 1)  (0, -2, 2)     (5, 3, 3, 1, 1, 1, -1, -1, -3, -1, -3, -5)           0  o
259  (-2, 2)  (-1, 1)  (2, 0, -2)     (1, 5, 3, 3, 1, 1, -1, -1, -1, -3, -3, -5)           0  o, *
260  (-2, 2)  (-1, 1)  (2, 0, -2)     (3, 1, 5, 3, 1, 1, -1, -1, -1, -3, -3, -5)           0  o
261  (-2, 2)  (-1, 1)  (2, 0, -2)     (5, 3, 3, 1, 1, 1, -1, -1, -3, -5, -1, -3)           0  o
262  (-2, 2)  (-1, 1)  (2, 0, -2)     (5, 3, 3, 1, 1, 1, -1, -1, -3, -3, -5, -1)           0  o
263  (-2, 2)  (1, -1)  (-2, 0, 2)     (3, 5, 3, 1, 1, 1, -1, -1, -1, -3, -3, -5)           0  o, *
264  (-2, 2)  (1, -1)  (-2, 0, 2)     (5, 3, 1, 3, 1, 1, -1, -1, -1, -3, -3, -5)           0  o
265  (-2, 2)  (1, -1)  (-2, 0, 2)     (5, 3, 3, 1, 1, 1, -1, -1, -3, -1, -3, -5)           0  o
266  (-2, 2)  (1, -1)  (-2, 0, 2)     (5, 3, 3, 1, 1, 1, -1, -1, -1, -3, -5, -3)           0  o
267  (-2, 2)  (1, -1)  (-2, 2, 0)     (3, 5, 1, 3, 1, 1, -1, -1, -1, -3, -3, -5)           0  o, *
268  (-2, 2)  (1, -1)  (-2, 2, 0)     (3, 5, 3, 1, 1, -1, 1, -1, -1, -3, -3, -5)           0  o, *
269  (-2, 2)  (1, -1)  (-2, 2, 0)     (3, 5, 3, 1, 1, 1, -1, -1, -3, -1, -3, -5)           0  o, *
270  (-2, 2)  (1, -1)  (-2, 2, 0)     (3, 5, 3, 1, 1, 1, -1, -1, -1, -3, -5, -3)           0  o, *
271  (-2, 2)  (1, -1)  (-2, 2, 0)     (5, 3, 3, 1, 1, -1, -1, 1, -1, -3, -3, -5)           0  o
272  (-2, 2)  (1, -1)  (0, -2, 2)     (3, 5, 3, 1, 1, 1, -1, -1, -1, -3, -5, -3)           0  o
273  (-2, 2)  (1, -1)  (0, -2, 2)     (5, 3, 1, 3, 1, 1, -1, -1, -1, -3, -5, -3)           0  o
274  (-2, 2)  (1, -1)  (0, -2, 2)     (5, 3, 3, 1, -1, 1, 1, -1, -1, -3, -3, -5)           0  o
275  (-2, 2)  (1, -1)  (0, -2, 2)     (5, 3, 3, 1, 1, -1, 1, -1, -1, -3, -5, -3)           0  o
276  (-2, 2)  (1, -1)  (0, -2, 2)     (5, 3, 3, 1, 1, 1, -1, -1, -3, -1, -5, -3)           0  o
277  (-2, 2)  (1, -1)  (0, 2, -2)     (1, 5, 3, 3, 1, 1, -1, -1, -1, -3, -3, -5)           0  o, *
278  (-2, 2)  (1, -1)  (2, -2, 0)     (5, 3, 3, 1, 1, 1, -1, -1, -3, -3, -5, -1)           0  o
279  (-2, 2)  (1, -1)  (2, 0, -2)     (1, 3, 5, 3, 1, 1, -1, -1, -1, -3, -3, -5)           0  o
280  (-2, 2)  (1, -1)  (2, 0, -2)     (5, 3, 3, 1, 1, 1, -1, -1, -3, -5, -3, -1)           0  o
281  (-1, 1)  (-1, 1)  (-4, 0, 4)     (6, 4, 4, 2, 2, 0, 0, -2, -2, -4, -4, -6)            0  o, *
282  (-1, 1)  (-1, 1)  (-2, 0, 2)     (4, 2, 2, 2, 0, 0, 0, 0, -2, -2, -2, -4)             0  o, *
283  (-1, 1)  (-1, 1)  (-2, 2, 0)     (4, 2, 2, 0, 2, 0, 0, 0, -2, -2, -2, -4)             0  o, *
284  (-1, 1)  (-1, 1)  (-2, 2, 0)     (4, 2, 2, 2, 0, 0, 0, 0, -2, -2, -4, -2)             0  o, *
285  (-1, 1)  (-1, 1)  (0, -2, 2)     (2, 4, 2, 2, 0, 0, 0, 0, -2, -2, -2, -4)             0  o, *
286  (-1, 1)  (-1, 1)  (0, -2, 2)     (4, 2, 2, 2, 0, 0, 0, -2, 0, -2, -2, -4)             0  o
287  (-1, 1)  (-1, 1)  (0, 0, 0)      (2, 2, 2, 0, 0, 0, 0, 0, 0, -2, -2, -2)              0  o, *
288  (-1, 1)  (0, 0)   (-2, 0, 2)     (3, 3, 1, 1, 1, 1, -1, -1, -1, -1, -3, -3)           0  o, *
289  (-1, 1)  (0, 0)   (0, 0, 0)      (1, 1, 1, 1, 1, 1, -1, -1, -1, -1, -1, -1)           0  o, *
290  (-1, 1)  (1, -1)  (-4, 0, 4)     (4, 6, 4, 2, 2, 0, 0, -2, -2, -4, -4, -6)            0  o, *
291  (-1, 1)  (1, -1)  (-4, 0, 4)     (6, 4, 2, 4, 2, 0, 0, -2, -2, -4, -4, -6)            0  o
292  (-1, 1)  (1, -1)  (-4, 0, 4)     (6, 4, 4, 2, 0, 2, 0, -2, -2, -4, -4, -6)            0  o
293  (-1, 1)  (1, -1)  (-4, 0, 4)     (6, 4, 4, 2, 2, 0, -2, 0, -2, -4, -4, -6)            0  o
294  (-1, 1)  (1, -1)  (-4, 0, 4)     (6, 4, 4, 2, 2, 0, 0, -2, -4, -2, -4, -6)            0  o
295  (-1, 1)  (1, -1)  (-4, 0, 4)     (6, 4, 4, 2, 2, 0, 0, -2, -2, -4, -6, -4)            0  o
296  (-1, 1)  (1, -1)  (-2, 0, 2)     (2, 4, 2, 2, 0, 0, 0, 0, -2, -2, -2, -4)             0  o, *
297  (-1, 1)  (1, -1)  (-2, 0, 2)     (4, 2, 2, 2, 0, 0, 0, 0, -2, -2, -4, -2)             0  o
298  (-1, 1)  (1, -1)  (-2, 2, 0)     (2, 4, 2, 0, 2, 0, 0, 0, -2, -2, -2, -4)             0  o, *
299  (-1, 1)  (1, -1)  (-2, 2, 0)     (2, 4, 2, 2, 0, 0, 0, 0, -2, -2, -4, -2)             0  o, *
300  (-1, 1)  (1, -1)  (-2, 2, 0)     (4, 2, 0, 2, 2, 0, 0, 0, -2, -2, -2, -4)             0  o
301  (-1, 1)  (1, -1)  (0, -2, 2)     (2, 4, 2, 2, 0, 0, 0, 0, -2, -2, -4, -2)             0  o
302  (-1, 1)  (1, -1)  (0, -2, 2)     (4, 2, 2, 2, 0, 0, 0, -2, -2, 0, -2, -4)             0  o
303  (-1, 1)  (1, -1)  (0, -2, 2)     (4, 2, 2, 2, 0, 0, 0, -2, 0, -2, -4, -2)             0  o
304  (-1, 1)  (1, -1)  (2, 0, -2)     (0, 4, 2, 2, 2, 0, 0, 0, -2, -2, -2, -4)             0  o
305  (-1, 1)  (1, -1)  (2, 0, -2)     (4, 2, 2, 2, 0, 0, 0, -2, -2, -2, -4, 0)             0  o
306  (0, 0)   (0, 0)   (-2, 1, 1)     (2, 2, 2, 2, -1, -1, -1, -1, -1, -1, -1, -1)         0  o, *
307  (0, 0)   (0, 0)   (-1, -1, 2)    (1, 1, 1, 1, 1, 1, 1, 1, -2, -2, -2, -2)             0  o, *
308  (0, 0)   (0, 0)   (0, 0, 0)      (-1, -1, -1, -1, -1, -1, -1, -1, -1, -1, -1, 11)     1  *
309  (0, 0)   (0, 0)   (0, 0, 0)      (0, 0, 0, 0, 0, 0, 0, 0, 0, 0, 1, -1)                0  o, *
310  (0, 0)   (0, 0)   (0, 0, 0)      (0, 0, 0, 0, 0, 0, 0, 0, 0, 1, -1, 0)                0  o, *
311  (0, 0)   (0, 0)   (0, 0, 0)      (0, 0, 0, 0, 0, 0, 0, 0, 1, -1, 0, 0)                0  o, *
312  (0, 0)   (0, 0)   (0, 0, 0)      (0, 0, 0, 0, 0, 0, 0, 1, -1, 0, 0, 0)                0  o, *
313  (0, 0)   (0, 0)   (0, 0, 0)      (0, 0, 0, 0, 0, 0, 1, -1, 0, 0, 0, 0)                0  o, *
314  (0, 0)   (0, 0)   (0, 0, 0)      (0, 0, 0, 0, 0, 1, -1, 0, 0, 0, 0, 0)                0  o, *
315  (0, 0)   (0, 0)   (0, 0, 0)      (0, 0, 0, 0, 1, -1, 0, 0, 0, 0, 0, 0)                0  o, *
316  (0, 0)   (0, 0)   (0, 0, 0)      (0, 0, 0, 1, -1, 0, 0, 0, 0, 0, 0, 0)                0  o, *
317  (0, 0)   (0, 0)   (0, 0, 0)      (0, 0, 1, -1, 0, 0, 0, 0, 0, 0, 0, 0)                0  o, *
318  (0, 0)   (0, 0)   (0, 0, 0)      (0, 1, -1, 0, 0, 0, 0, 0, 0, 0, 0, 0)                0  o, *
319  (0, 0)   (0, 0)   (0, 0, 0)      (1, -1, 0, 0, 0, 0, 0, 0, 0, 0, 0, 0)                0  o
320  (0, 0)   (0, 0)   (0, 1, -1)     (0, 0, 0, 0, 0, 0, 0, 0, 0, 0, 0, 0)                 0  o, *
321  (0, 0)   (0, 0)   (1, -1, 0)     (0, 0, 0, 0, 0, 0, 0, 0, 0, 0, 0, 0)                 0  o
322  (0, 0)   (1, -1)  (0, 0, 0)      (0, 0, 0, 0, 0, 0, 0, 0, 0, 0, 0, 0)                 0  o

Facet format is (H_A,lambda_A) + ... + z >= 0. The last column states
whether the facet includes the origin (o) or the highest weight (*).

All data is up to permutations of subsystems.
